2059270305
36640765
502977212
1516415687
5834302737
26813725
304866386
4057092888
1511098032
5621564075
201870019
4470709540
5696410629
1978925477
2089116309
5548318540
214070833
4394825844
3747393535
2249975593
5575088017
199395516
1369825258
3707079177
3860110272
1359220095
4965418107
6224677361
1750041
1070872607
263253475
14236549
1509452090
1545949755
699136114
6025407
202709659
598154528
42586379
1067022635
4533417261
3520249276
365765704
2182428459
5560238292
1094455946
3993089228
1450913069
5402702036
216699521
27236506
6331475078
5991384393
3055005180
6107917658
1917881749
5712985132
264206799
355833593
33070734
26472940
1522249842
495493870
194662694
1909608006
4786955195
1611439696
21984329
31176012
27141848
2102586118
260644243
1417212970
5669780317
4941697808
4862370182
48317243
2974902290
