2993772531
5064002720
1583134531
2102759450
1441628063
1306097978
52794491
2305475963
5728840339
2175308034
3856370033
1126796856
1501691127
200132165
3246906159
297747042
6357243681
5712734177
2002357716
5443305171
1507630916
6354792883
3634739792
2039416876
6362804567
1027465105
6362676101
1442037978
4961022906
5889669044
5564571761
2922289160
6335569177
2464249344
1286424967
1974801932
5612147594
4357578437
2291932612
2951835863
5995831036
5466278785
4486551972
5752490572
2929435281
6362617631
6323374634
4771475135
6332695468
6313073588
5696918174
2219956210
2315202423
4246263424
2968748132
4138399716
1365944189
18583726
3645173878
1452812979
1657294083
1479148559
2049932423
5558946912
4492859983
2325541355
3734002710
1724685574
6187670108
5471802333
3451427074
874873155
4158157335
457232667
1978151178
6292451841
3735202285
1369944570
5747175118
1359004035
1448041256
4080262630
668654928
2049443665
1588722150
6127012896
3659264714
5954325901
1583251421
525682489
5971405910
3524476349
2081604861
5606747468
3553670986
4226256716
1919686029
2128436450
6363699892
592810286
25637861
1933868486
1961637616
1383193410
4518192640
31620599
5445170874
7013334
25266919
1284318790
6102825246
1655271628
6037920521
6140641642
6222364051
2102052918
4492225901
2971797700
6225214767
6308440833
5400933359
473930230
6288947538
5705969327
184071637
6336316357
4150873892
257741368
1913175046
6233088456
177202266
6139821493
4333184512
4719148228
1525911454
3078678096
935464040
2359762054
2530408241
5352405130
